{
 "cells": [
  {
   "cell_type": "markdown",
   "id": "embedded-chocolate",
   "metadata": {},
   "source": [
    "# Dimensionality-reduction PCA Manual"
   ]
  },
  {
   "cell_type": "code",
   "execution_count": 99,
   "id": "gross-polish",
   "metadata": {},
   "outputs": [],
   "source": [
    "import pandas as pd\n",
    "import numpy as np\n",
    "#use widget instead of inline to make the plot interactive\n",
    "%matplotlib inline \n",
    "import matplotlib.pyplot as plt\n",
    "import matplotlib.ticker as mtick\n",
    "# plt.rcParams['figure.figsize'] = [18, 11]\n",
    "# font = {'size'   : 22}\n",
    "\n",
    "plt.rc('font', **font)\n",
    "# plt.rcParams['figure.figsize'] = [15, 10]\n",
    "ht_grouped = pd.read_csv('data/ht_grouped_feature_engineered.csv',index_col='device_id')\n",
    "# https://towardsdatascience.com/a-complete-guide-to-principal-component-analysis-pca-in-machine-learning-664f34fc3e5a"
   ]
  },
  {
   "cell_type": "code",
   "execution_count": null,
   "id": "documented-qualification",
   "metadata": {},
   "outputs": [],
   "source": []
  },
  {
   "cell_type": "code",
   "execution_count": 100,
   "id": "silver-trainer",
   "metadata": {},
   "outputs": [
    {
     "data": {
      "text/html": [
       "<div>\n",
       "<style scoped>\n",
       "    .dataframe tbody tr th:only-of-type {\n",
       "        vertical-align: middle;\n",
       "    }\n",
       "\n",
       "    .dataframe tbody tr th {\n",
       "        vertical-align: top;\n",
       "    }\n",
       "\n",
       "    .dataframe thead th {\n",
       "        text-align: right;\n",
       "    }\n",
       "</style>\n",
       "<table border=\"1\" class=\"dataframe\">\n",
       "  <thead>\n",
       "    <tr style=\"text-align: right;\">\n",
       "      <th></th>\n",
       "      <th>resting_heartrate_avg</th>\n",
       "      <th>resting_heartrate_min</th>\n",
       "      <th>resting_heartrate_max</th>\n",
       "      <th>active_heartrate_avg</th>\n",
       "      <th>active_heartrate_min</th>\n",
       "      <th>active_heartrate_max</th>\n",
       "      <th>bmi_avg</th>\n",
       "      <th>bmi_min</th>\n",
       "      <th>bmi_max</th>\n",
       "      <th>vo2_avg</th>\n",
       "      <th>vo2_min</th>\n",
       "      <th>vo2_max</th>\n",
       "      <th>workout_minutes_avg</th>\n",
       "      <th>workout_minutes_min</th>\n",
       "      <th>workout_minutes_max</th>\n",
       "      <th>steps_avg</th>\n",
       "      <th>steps_min</th>\n",
       "      <th>steps_max</th>\n",
       "      <th>lifestyle</th>\n",
       "      <th>bmi_change</th>\n",
       "    </tr>\n",
       "    <tr>\n",
       "      <th>device_id</th>\n",
       "      <th></th>\n",
       "      <th></th>\n",
       "      <th></th>\n",
       "      <th></th>\n",
       "      <th></th>\n",
       "      <th></th>\n",
       "      <th></th>\n",
       "      <th></th>\n",
       "      <th></th>\n",
       "      <th></th>\n",
       "      <th></th>\n",
       "      <th></th>\n",
       "      <th></th>\n",
       "      <th></th>\n",
       "      <th></th>\n",
       "      <th></th>\n",
       "      <th></th>\n",
       "      <th></th>\n",
       "      <th></th>\n",
       "      <th></th>\n",
       "    </tr>\n",
       "  </thead>\n",
       "  <tbody>\n",
       "    <tr>\n",
       "      <th>0003a6b8-e48b-11ea-8204-0242ac110002</th>\n",
       "      <td>82.683797</td>\n",
       "      <td>60.677755</td>\n",
       "      <td>100.121903</td>\n",
       "      <td>139.434875</td>\n",
       "      <td>120.307791</td>\n",
       "      <td>162.347827</td>\n",
       "      <td>22.398064</td>\n",
       "      <td>19.530816</td>\n",
       "      <td>24.997081</td>\n",
       "      <td>20.994012</td>\n",
       "      <td>20.283341</td>\n",
       "      <td>21.491176</td>\n",
       "      <td>5.502632</td>\n",
       "      <td>1.046930</td>\n",
       "      <td>9.325750</td>\n",
       "      <td>5171.495890</td>\n",
       "      <td>2539</td>\n",
       "      <td>7837</td>\n",
       "      <td>Sedentary</td>\n",
       "      <td>5.466266</td>\n",
       "    </tr>\n",
       "    <tr>\n",
       "      <th>0007a88a-e48b-11ea-8204-0242ac110002</th>\n",
       "      <td>77.732942</td>\n",
       "      <td>52.712876</td>\n",
       "      <td>97.937731</td>\n",
       "      <td>127.057153</td>\n",
       "      <td>109.049387</td>\n",
       "      <td>146.869868</td>\n",
       "      <td>25.150813</td>\n",
       "      <td>22.635269</td>\n",
       "      <td>27.933614</td>\n",
       "      <td>25.527475</td>\n",
       "      <td>24.929151</td>\n",
       "      <td>26.231702</td>\n",
       "      <td>37.216702</td>\n",
       "      <td>12.109056</td>\n",
       "      <td>66.115919</td>\n",
       "      <td>7115.591781</td>\n",
       "      <td>3731</td>\n",
       "      <td>10189</td>\n",
       "      <td>Weight Trainer</td>\n",
       "      <td>5.298346</td>\n",
       "    </tr>\n",
       "    <tr>\n",
       "      <th>000b9c56-e48b-11ea-8204-0242ac110002</th>\n",
       "      <td>86.511629</td>\n",
       "      <td>63.903506</td>\n",
       "      <td>104.437895</td>\n",
       "      <td>147.315731</td>\n",
       "      <td>129.551728</td>\n",
       "      <td>177.783150</td>\n",
       "      <td>19.148256</td>\n",
       "      <td>16.844741</td>\n",
       "      <td>21.339665</td>\n",
       "      <td>19.448407</td>\n",
       "      <td>18.817131</td>\n",
       "      <td>19.946847</td>\n",
       "      <td>45.000087</td>\n",
       "      <td>10.524606</td>\n",
       "      <td>84.725056</td>\n",
       "      <td>7257.693151</td>\n",
       "      <td>4223</td>\n",
       "      <td>11156</td>\n",
       "      <td>Weight Trainer</td>\n",
       "      <td>4.494924</td>\n",
       "    </tr>\n",
       "    <tr>\n",
       "      <th>000f916c-e48b-11ea-8204-0242ac110002</th>\n",
       "      <td>77.550541</td>\n",
       "      <td>58.418806</td>\n",
       "      <td>98.875329</td>\n",
       "      <td>129.577004</td>\n",
       "      <td>110.845517</td>\n",
       "      <td>146.738650</td>\n",
       "      <td>24.240376</td>\n",
       "      <td>21.335820</td>\n",
       "      <td>26.909150</td>\n",
       "      <td>21.401302</td>\n",
       "      <td>20.705860</td>\n",
       "      <td>22.088526</td>\n",
       "      <td>37.886069</td>\n",
       "      <td>11.402530</td>\n",
       "      <td>68.119525</td>\n",
       "      <td>7129.690411</td>\n",
       "      <td>4413</td>\n",
       "      <td>10563</td>\n",
       "      <td>Weight Trainer</td>\n",
       "      <td>5.573329</td>\n",
       "    </tr>\n",
       "    <tr>\n",
       "      <th>00176e5a-e48b-11ea-8204-0242ac110002</th>\n",
       "      <td>69.312448</td>\n",
       "      <td>47.355699</td>\n",
       "      <td>92.762496</td>\n",
       "      <td>167.185850</td>\n",
       "      <td>147.876166</td>\n",
       "      <td>186.283615</td>\n",
       "      <td>27.132669</td>\n",
       "      <td>23.589288</td>\n",
       "      <td>31.026467</td>\n",
       "      <td>30.939205</td>\n",
       "      <td>30.032978</td>\n",
       "      <td>32.026828</td>\n",
       "      <td>5.119427</td>\n",
       "      <td>0.856124</td>\n",
       "      <td>9.947677</td>\n",
       "      <td>5128.024658</td>\n",
       "      <td>2938</td>\n",
       "      <td>7310</td>\n",
       "      <td>Sedentary</td>\n",
       "      <td>7.437179</td>\n",
       "    </tr>\n",
       "  </tbody>\n",
       "</table>\n",
       "</div>"
      ],
      "text/plain": [
       "                                      resting_heartrate_avg  \\\n",
       "device_id                                                     \n",
       "0003a6b8-e48b-11ea-8204-0242ac110002              82.683797   \n",
       "0007a88a-e48b-11ea-8204-0242ac110002              77.732942   \n",
       "000b9c56-e48b-11ea-8204-0242ac110002              86.511629   \n",
       "000f916c-e48b-11ea-8204-0242ac110002              77.550541   \n",
       "00176e5a-e48b-11ea-8204-0242ac110002              69.312448   \n",
       "\n",
       "                                      resting_heartrate_min  \\\n",
       "device_id                                                     \n",
       "0003a6b8-e48b-11ea-8204-0242ac110002              60.677755   \n",
       "0007a88a-e48b-11ea-8204-0242ac110002              52.712876   \n",
       "000b9c56-e48b-11ea-8204-0242ac110002              63.903506   \n",
       "000f916c-e48b-11ea-8204-0242ac110002              58.418806   \n",
       "00176e5a-e48b-11ea-8204-0242ac110002              47.355699   \n",
       "\n",
       "                                      resting_heartrate_max  \\\n",
       "device_id                                                     \n",
       "0003a6b8-e48b-11ea-8204-0242ac110002             100.121903   \n",
       "0007a88a-e48b-11ea-8204-0242ac110002              97.937731   \n",
       "000b9c56-e48b-11ea-8204-0242ac110002             104.437895   \n",
       "000f916c-e48b-11ea-8204-0242ac110002              98.875329   \n",
       "00176e5a-e48b-11ea-8204-0242ac110002              92.762496   \n",
       "\n",
       "                                      active_heartrate_avg  \\\n",
       "device_id                                                    \n",
       "0003a6b8-e48b-11ea-8204-0242ac110002            139.434875   \n",
       "0007a88a-e48b-11ea-8204-0242ac110002            127.057153   \n",
       "000b9c56-e48b-11ea-8204-0242ac110002            147.315731   \n",
       "000f916c-e48b-11ea-8204-0242ac110002            129.577004   \n",
       "00176e5a-e48b-11ea-8204-0242ac110002            167.185850   \n",
       "\n",
       "                                      active_heartrate_min  \\\n",
       "device_id                                                    \n",
       "0003a6b8-e48b-11ea-8204-0242ac110002            120.307791   \n",
       "0007a88a-e48b-11ea-8204-0242ac110002            109.049387   \n",
       "000b9c56-e48b-11ea-8204-0242ac110002            129.551728   \n",
       "000f916c-e48b-11ea-8204-0242ac110002            110.845517   \n",
       "00176e5a-e48b-11ea-8204-0242ac110002            147.876166   \n",
       "\n",
       "                                      active_heartrate_max    bmi_avg  \\\n",
       "device_id                                                               \n",
       "0003a6b8-e48b-11ea-8204-0242ac110002            162.347827  22.398064   \n",
       "0007a88a-e48b-11ea-8204-0242ac110002            146.869868  25.150813   \n",
       "000b9c56-e48b-11ea-8204-0242ac110002            177.783150  19.148256   \n",
       "000f916c-e48b-11ea-8204-0242ac110002            146.738650  24.240376   \n",
       "00176e5a-e48b-11ea-8204-0242ac110002            186.283615  27.132669   \n",
       "\n",
       "                                        bmi_min    bmi_max    vo2_avg  \\\n",
       "device_id                                                               \n",
       "0003a6b8-e48b-11ea-8204-0242ac110002  19.530816  24.997081  20.994012   \n",
       "0007a88a-e48b-11ea-8204-0242ac110002  22.635269  27.933614  25.527475   \n",
       "000b9c56-e48b-11ea-8204-0242ac110002  16.844741  21.339665  19.448407   \n",
       "000f916c-e48b-11ea-8204-0242ac110002  21.335820  26.909150  21.401302   \n",
       "00176e5a-e48b-11ea-8204-0242ac110002  23.589288  31.026467  30.939205   \n",
       "\n",
       "                                        vo2_min    vo2_max  \\\n",
       "device_id                                                    \n",
       "0003a6b8-e48b-11ea-8204-0242ac110002  20.283341  21.491176   \n",
       "0007a88a-e48b-11ea-8204-0242ac110002  24.929151  26.231702   \n",
       "000b9c56-e48b-11ea-8204-0242ac110002  18.817131  19.946847   \n",
       "000f916c-e48b-11ea-8204-0242ac110002  20.705860  22.088526   \n",
       "00176e5a-e48b-11ea-8204-0242ac110002  30.032978  32.026828   \n",
       "\n",
       "                                      workout_minutes_avg  \\\n",
       "device_id                                                   \n",
       "0003a6b8-e48b-11ea-8204-0242ac110002             5.502632   \n",
       "0007a88a-e48b-11ea-8204-0242ac110002            37.216702   \n",
       "000b9c56-e48b-11ea-8204-0242ac110002            45.000087   \n",
       "000f916c-e48b-11ea-8204-0242ac110002            37.886069   \n",
       "00176e5a-e48b-11ea-8204-0242ac110002             5.119427   \n",
       "\n",
       "                                      workout_minutes_min  \\\n",
       "device_id                                                   \n",
       "0003a6b8-e48b-11ea-8204-0242ac110002             1.046930   \n",
       "0007a88a-e48b-11ea-8204-0242ac110002            12.109056   \n",
       "000b9c56-e48b-11ea-8204-0242ac110002            10.524606   \n",
       "000f916c-e48b-11ea-8204-0242ac110002            11.402530   \n",
       "00176e5a-e48b-11ea-8204-0242ac110002             0.856124   \n",
       "\n",
       "                                      workout_minutes_max    steps_avg  \\\n",
       "device_id                                                                \n",
       "0003a6b8-e48b-11ea-8204-0242ac110002             9.325750  5171.495890   \n",
       "0007a88a-e48b-11ea-8204-0242ac110002            66.115919  7115.591781   \n",
       "000b9c56-e48b-11ea-8204-0242ac110002            84.725056  7257.693151   \n",
       "000f916c-e48b-11ea-8204-0242ac110002            68.119525  7129.690411   \n",
       "00176e5a-e48b-11ea-8204-0242ac110002             9.947677  5128.024658   \n",
       "\n",
       "                                      steps_min  steps_max       lifestyle  \\\n",
       "device_id                                                                    \n",
       "0003a6b8-e48b-11ea-8204-0242ac110002       2539       7837       Sedentary   \n",
       "0007a88a-e48b-11ea-8204-0242ac110002       3731      10189  Weight Trainer   \n",
       "000b9c56-e48b-11ea-8204-0242ac110002       4223      11156  Weight Trainer   \n",
       "000f916c-e48b-11ea-8204-0242ac110002       4413      10563  Weight Trainer   \n",
       "00176e5a-e48b-11ea-8204-0242ac110002       2938       7310       Sedentary   \n",
       "\n",
       "                                      bmi_change  \n",
       "device_id                                         \n",
       "0003a6b8-e48b-11ea-8204-0242ac110002    5.466266  \n",
       "0007a88a-e48b-11ea-8204-0242ac110002    5.298346  \n",
       "000b9c56-e48b-11ea-8204-0242ac110002    4.494924  \n",
       "000f916c-e48b-11ea-8204-0242ac110002    5.573329  \n",
       "00176e5a-e48b-11ea-8204-0242ac110002    7.437179  "
      ]
     },
     "execution_count": 100,
     "metadata": {},
     "output_type": "execute_result"
    }
   ],
   "source": [
    "ht_grouped.head()"
   ]
  },
  {
   "cell_type": "code",
   "execution_count": 101,
   "id": "honey-humidity",
   "metadata": {},
   "outputs": [],
   "source": [
    "feature_len = ht_grouped.drop('lifestyle',axis=1).columns.values.__len__()"
   ]
  },
  {
   "cell_type": "code",
   "execution_count": 102,
   "id": "distributed-rebel",
   "metadata": {},
   "outputs": [],
   "source": [
    "X = ht_grouped.drop('lifestyle',axis=1).values\n",
    "y = ht_grouped.lifestyle.values"
   ]
  },
  {
   "cell_type": "code",
   "execution_count": 103,
   "id": "shaped-infrastructure",
   "metadata": {},
   "outputs": [],
   "source": [
    "from sklearn.preprocessing import StandardScaler \n",
    "X_std = StandardScaler().fit_transform(X)"
   ]
  },
  {
   "cell_type": "code",
   "execution_count": 104,
   "id": "german-creek",
   "metadata": {
    "scrolled": true
   },
   "outputs": [
    {
     "name": "stdout",
     "output_type": "stream",
     "text": [
      "Covariance matrix \n",
      "\n"
     ]
    },
    {
     "data": {
      "text/plain": [
       "array([[ 1.0003651 ,  0.97949214,  0.97920131,  0.80404941,  0.7960349 ,\n",
       "         0.79490244,  0.14698909,  0.14591633,  0.14712347, -0.94187662,\n",
       "        -0.94173104, -0.94184925, -0.38131979,  0.53924719, -0.51486292,\n",
       "        -0.78989463, -0.62044704, -0.77849016,  0.13673787],\n",
       "       [ 0.97949214,  1.0003651 ,  0.95646753,  0.78735425,  0.77939431,\n",
       "         0.77831369,  0.14513807,  0.14412768,  0.1450995 , -0.9203176 ,\n",
       "        -0.92015495, -0.92029986, -0.37856903,  0.52441213, -0.50917039,\n",
       "        -0.772487  , -0.6036799 , -0.76215408,  0.13410617],\n",
       "       [ 0.97920131,  0.95646753,  1.0003651 ,  0.78996204,  0.7811754 ,\n",
       "         0.78190025,  0.14437818,  0.14369897,  0.14414706, -0.92027164,\n",
       "        -0.92022848, -0.92020592, -0.37360017,  0.52648072, -0.5021054 ,\n",
       "        -0.77344653, -0.61052122, -0.76171538,  0.13145043],\n",
       "       [ 0.80404941,  0.78735425,  0.78996204,  1.0003651 ,  0.98871608,\n",
       "         0.98860062,  0.33516197,  0.33349989,  0.33424522, -0.78598967,\n",
       "        -0.78587761, -0.78604759, -0.40256515,  0.48700191, -0.48670984,\n",
       "        -0.81893883, -0.6623638 , -0.79473985,  0.30379668],\n",
       "       [ 0.7960349 ,  0.77939431,  0.7811754 ,  0.98871608,  1.0003651 ,\n",
       "         0.97612155,  0.3319482 ,  0.33007558,  0.33125431, -0.7781593 ,\n",
       "        -0.77797118, -0.77820009, -0.39106707,  0.48825124, -0.47797884,\n",
       "        -0.81021682, -0.65314709, -0.78668764,  0.30258846],\n",
       "       [ 0.79490244,  0.77831369,  0.78190025,  0.98860062,  0.97612155,\n",
       "         1.0003651 ,  0.32788613,  0.32628467,  0.32706279, -0.77603503,\n",
       "        -0.77590313, -0.77603107, -0.3985834 ,  0.47967507, -0.4815808 ,\n",
       "        -0.80918018, -0.65440626, -0.78514024,  0.29743606],\n",
       "       [ 0.14698909,  0.14513807,  0.14437818,  0.33516197,  0.3319482 ,\n",
       "         0.32788613,  1.0003651 ,  0.99654343,  0.99793952, -0.13363905,\n",
       "        -0.13343707, -0.13329408, -0.37453728,  0.16696074, -0.33628972,\n",
       "        -0.45435618, -0.26339211, -0.45933847,  0.90418518],\n",
       "       [ 0.14591633,  0.14412768,  0.14369897,  0.33349989,  0.33007558,\n",
       "         0.32628467,  0.99654343,  1.0003651 ,  0.99405   , -0.13249649,\n",
       "        -0.13227932, -0.13216909, -0.37455488,  0.16447408, -0.33488334,\n",
       "        -0.45210187, -0.26245836, -0.45679478,  0.87421635],\n",
       "       [ 0.14712347,  0.1450995 ,  0.14414706,  0.33424522,  0.33125431,\n",
       "         0.32706279,  0.99793952,  0.99405   ,  1.0003651 , -0.13366147,\n",
       "        -0.13342964, -0.13333024, -0.37493762,  0.16700806, -0.33707424,\n",
       "        -0.45356805, -0.26330214, -0.45865792,  0.92325239],\n",
       "       [-0.94187662, -0.9203176 , -0.92027164, -0.78598967, -0.7781593 ,\n",
       "        -0.77603503, -0.13363905, -0.13249649, -0.13366147,  1.0003651 ,\n",
       "         1.00019835,  1.00022011,  0.31425803, -0.50930933,  0.44199704,\n",
       "         0.73220781,  0.58457269,  0.71741359, -0.12446054],\n",
       "       [-0.94173104, -0.92015495, -0.92022848, -0.78587761, -0.77797118,\n",
       "        -0.77590313, -0.13343707, -0.13227932, -0.13342964,  1.00019835,\n",
       "         1.0003651 ,  1.00004269,  0.31417588, -0.5092238 ,  0.44191911,\n",
       "         0.73219982,  0.58428658,  0.71733665, -0.12420129],\n",
       "       [-0.94184925, -0.92029986, -0.92020592, -0.78604759, -0.77820009,\n",
       "        -0.77603107, -0.13329408, -0.13216909, -0.13333024,  1.00022011,\n",
       "         1.00004269,  1.0003651 ,  0.31400539, -0.50942706,  0.44179397,\n",
       "         0.73215322,  0.58479345,  0.71736127, -0.12414888],\n",
       "       [-0.38131979, -0.37856903, -0.37360017, -0.40256515, -0.39106707,\n",
       "        -0.3985834 , -0.37453728, -0.37455488, -0.37493762,  0.31425803,\n",
       "         0.31417588,  0.31400539,  1.0003651 ,  0.10854118,  0.87741425,\n",
       "         0.47679071,  0.4542118 ,  0.47167466, -0.33922644],\n",
       "       [ 0.53924719,  0.52441213,  0.52648072,  0.48700191,  0.48825124,\n",
       "         0.47967507,  0.16696074,  0.16447408,  0.16700806, -0.50930933,\n",
       "        -0.5092238 , -0.50942706,  0.10854118,  1.0003651 , -0.26204275,\n",
       "        -0.60707404, -0.38571725, -0.64457398,  0.15921235],\n",
       "       [-0.51486292, -0.50917039, -0.5021054 , -0.48670984, -0.47797884,\n",
       "        -0.4815808 , -0.33628972, -0.33488334, -0.33707424,  0.44199704,\n",
       "         0.44191911,  0.44179397,  0.87741425, -0.26204275,  1.0003651 ,\n",
       "         0.58261505,  0.48294168,  0.6278509 , -0.31130732],\n",
       "       [-0.78989463, -0.772487  , -0.77344653, -0.81893883, -0.81021682,\n",
       "        -0.80918018, -0.45435618, -0.45210187, -0.45356805,  0.73220781,\n",
       "         0.73219982,  0.73215322,  0.47679071, -0.60707404,  0.58261505,\n",
       "         1.0003651 ,  0.7910808 ,  0.97098873, -0.41381033],\n",
       "       [-0.62044704, -0.6036799 , -0.61052122, -0.6623638 , -0.65314709,\n",
       "        -0.65440626, -0.26339211, -0.26245836, -0.26330214,  0.58457269,\n",
       "         0.58428658,  0.58479345,  0.4542118 , -0.38571725,  0.48294168,\n",
       "         0.7910808 ,  1.0003651 ,  0.73460016, -0.24019703],\n",
       "       [-0.77849016, -0.76215408, -0.76171538, -0.79473985, -0.78668764,\n",
       "        -0.78514024, -0.45933847, -0.45679478, -0.45865792,  0.71741359,\n",
       "         0.71733665,  0.71736127,  0.47167466, -0.64457398,  0.6278509 ,\n",
       "         0.97098873,  0.73460016,  1.0003651 , -0.41975989],\n",
       "       [ 0.13673787,  0.13410617,  0.13145043,  0.30379668,  0.30258846,\n",
       "         0.29743606,  0.90418518,  0.87421635,  0.92325239, -0.12446054,\n",
       "        -0.12420129, -0.12414888, -0.33922644,  0.15921235, -0.31130732,\n",
       "        -0.41381033, -0.24019703, -0.41975989,  1.0003651 ]])"
      ]
     },
     "execution_count": 104,
     "metadata": {},
     "output_type": "execute_result"
    }
   ],
   "source": [
    "#mean_vec = np.mean(X_std, axis=0) \n",
    "#cov_mat = (X_std - mean_vec).T.dot((X_std - mean_vec)) / (X_std.shape[0]-1) \n",
    "#print('Covariance matrix \\n%s' %cov_mat) \n",
    "print('Covariance matrix \\n') \n",
    "cov_mat= np.cov(X_std, rowvar=False) \n",
    "cov_mat"
   ]
  },
  {
   "cell_type": "code",
   "execution_count": 105,
   "id": "executed-complaint",
   "metadata": {
    "scrolled": true
   },
   "outputs": [
    {
     "name": "stdout",
     "output_type": "stream",
     "text": [
      "Eigenvectors \n",
      "[[-2.73775835e-01  1.56386235e-01 -3.46366527e-03 -1.44567599e-01\n",
      "   1.51665436e-01  4.35761372e-02  2.50047005e-01  1.63878167e-01\n",
      "   1.91758330e-01  5.06354434e-03 -2.39613083e-03 -3.16969481e-02\n",
      "  -3.12822045e-02 -8.52287821e-01 -1.24848628e-02  7.12612358e-03\n",
      "   3.11183693e-03  8.54351845e-04 -4.96564086e-15]\n",
      " [-2.68903157e-01  1.53616663e-01  1.81272208e-03 -1.51259298e-01\n",
      "   1.58056053e-01  3.65314746e-02  3.21302281e-01  2.12703057e-01\n",
      "   2.63638348e-01  6.98969192e-01 -1.06988917e-01  4.35456702e-02\n",
      "   2.58911793e-02  3.66466507e-01  6.09229062e-03 -2.23661924e-03\n",
      "   4.50699419e-04  3.74739985e-05  4.59027007e-16]\n",
      " [-2.69026902e-01  1.54651544e-01 -3.40329012e-03 -1.46716942e-01\n",
      "   1.47659251e-01  4.82889550e-02  3.14577939e-01  2.07916272e-01\n",
      "   2.92116582e-01 -6.87308970e-01  1.61970362e-01 -2.20370385e-02\n",
      "   6.13233064e-03  3.62398441e-01  4.50698348e-03 -1.97068785e-03\n",
      "  -2.46232487e-03 -4.55105154e-04  2.90700959e-15]\n",
      " [-2.71919056e-01  2.79048921e-02 -5.12113590e-02  5.63916068e-03\n",
      "  -4.26416271e-01 -2.51304198e-01 -4.19437026e-02  1.83511183e-02\n",
      "   2.98711279e-02  2.56716647e-03 -2.13713833e-03 -4.15810749e-03\n",
      "   1.36284771e-02  1.25740882e-02 -8.21110378e-01 -6.91696094e-03\n",
      "  -3.44503471e-04 -3.38761735e-03  9.90220907e-15]\n",
      " [-2.69475621e-01  2.79755987e-02 -5.88207986e-02  7.55414332e-03\n",
      "  -4.30318059e-01 -2.63500985e-01 -4.97230667e-02  3.05762171e-02\n",
      "   3.06383582e-02  3.67485281e-02  1.02152939e-02 -7.05030519e-01\n",
      "   7.81369029e-03  1.89875447e-02  4.06417313e-01  2.34777710e-03\n",
      "   1.81477722e-03  1.62721519e-03 -3.89365874e-15]\n",
      " [-2.69088583e-01  2.91582159e-02 -4.91509907e-02  6.82166167e-03\n",
      "  -4.37082916e-01 -2.62132172e-01 -3.74013393e-02  2.62373705e-02\n",
      "   3.48770587e-02 -2.88529369e-02  1.42748852e-02  7.06599554e-01\n",
      "  -3.92208682e-03 -3.06105387e-02  3.99917538e-01  3.32876671e-03\n",
      "  -9.69502050e-04  1.64877596e-03 -6.33585704e-15]\n",
      " [-1.27778468e-01 -4.52769716e-01 -1.19875297e-01 -1.15216316e-01\n",
      "   4.50899690e-02  2.96450770e-02  1.34122073e-02 -1.96214050e-01\n",
      "   1.73668661e-01  8.19328201e-03  2.08075089e-02 -2.41023207e-04\n",
      "  -8.28591663e-03  3.74341563e-05 -4.72515164e-03  8.23749717e-01\n",
      "  -1.09472233e-02 -4.66300178e-04  1.96182806e-14]\n",
      " [-1.26952775e-01 -4.49131641e-01 -1.16311340e-01 -1.12678276e-01\n",
      "   4.18708867e-02  2.93680695e-02  3.57368694e-02 -3.38770244e-01\n",
      "   2.63647117e-01  1.04702427e-02  2.23781090e-02 -5.22420319e-04\n",
      "  -5.65035651e-03 -1.19497746e-02  6.12406135e-03 -4.40063061e-01\n",
      "   5.83398977e-03  3.60709489e-04  6.10948944e-01]\n",
      " [-1.27872296e-01 -4.54680758e-01 -1.20791269e-01 -1.18276117e-01\n",
      "   4.86115119e-02  3.11098704e-02 -4.45382960e-03 -9.63613604e-02\n",
      "   1.17405616e-01  5.26404234e-03  1.50052039e-02  9.42881235e-04\n",
      "  -3.69683172e-03 -7.90365626e-03  3.97740822e-03 -3.55664182e-01\n",
      "   4.75169657e-03  3.19123256e-04 -7.71393922e-01]\n",
      " [ 2.65596667e-01 -1.68551931e-01  5.75361694e-02  2.59923299e-01\n",
      "  -1.32021506e-01 -8.98616146e-02  2.81310344e-01  1.62366146e-01\n",
      "   1.76258439e-01  4.46434007e-03  1.06004232e-02 -4.23514158e-03\n",
      "  -5.30060818e-03 -3.37883561e-02 -7.74349823e-03  1.33803101e-03\n",
      "   4.57474339e-02  8.15250550e-01 -5.08051918e-13]\n",
      " [ 2.65552199e-01 -1.68638998e-01  5.75015097e-02  2.59918136e-01\n",
      "  -1.32113215e-01 -8.96501913e-02  2.80812754e-01  1.63234856e-01\n",
      "   1.77318666e-01  6.61743733e-03  1.09487481e-02 -5.71547814e-03\n",
      "  -1.17638274e-03 -3.78029366e-02 -2.34298359e-03 -9.64815909e-03\n",
      "  -7.28294935e-01 -3.68246929e-01  3.42740532e-13]\n",
      " [ 2.65574692e-01 -1.68716193e-01  5.76345174e-02  2.59550591e-01\n",
      "  -1.31708409e-01 -9.01001007e-02  2.81609654e-01  1.62102021e-01\n",
      "   1.75831575e-01  3.47472752e-03  1.04140489e-02 -2.96217885e-03\n",
      "  -6.77957125e-03 -3.27040114e-02 -3.01875211e-03  9.00922281e-03\n",
      "   6.83576689e-01 -4.46924557e-01  1.64277448e-13]\n",
      " [ 1.52829976e-01  1.54308550e-01 -6.73259922e-01  3.24385516e-02\n",
      "  -2.88037986e-02  6.19189074e-02 -1.17468711e-03  3.12868766e-02\n",
      "   2.32871805e-02  1.25293491e-01  6.02337998e-01  5.41500430e-03\n",
      "  -3.37051026e-01 -3.21964923e-03 -1.23607442e-02 -2.93581958e-03\n",
      "  -6.57470548e-04 -3.04229702e-04  9.04168901e-16]\n",
      " [-1.72564802e-01  6.41405983e-02 -4.07686438e-01  5.40126616e-01\n",
      "   4.04293332e-01 -3.22935890e-01 -2.65159423e-01  5.64194466e-02\n",
      "   1.93258087e-01 -6.33254576e-02 -3.28716118e-01  6.49833831e-03\n",
      "   1.32080527e-01  4.65295316e-03  2.05338337e-03  1.49183501e-03\n",
      "   5.80398620e-04  8.86852991e-05 -3.53752301e-16]\n",
      " [ 1.88761565e-01  9.75528405e-02 -5.37170340e-01 -1.94019124e-01\n",
      "  -2.87948190e-01  3.40951913e-01  2.28595817e-01 -2.97390620e-02\n",
      "  -6.86708474e-02 -9.70135218e-02 -4.96227770e-01 -6.09071514e-04\n",
      "   3.40338410e-01 -7.32868829e-03  9.83355637e-03  1.74676778e-03\n",
      "   9.36278104e-04  2.11458946e-04 -1.14796762e-15]\n",
      " [ 2.74942295e-01  4.90232366e-02  1.99472115e-02 -2.94609472e-01\n",
      "   1.20779407e-02 -1.72481384e-01 -3.39645172e-01  1.62393085e-01\n",
      "   3.60145814e-01  5.59541971e-02  3.07497854e-01  7.68300445e-03\n",
      "   6.58301778e-01 -4.83916908e-02 -2.56722324e-03  3.45497533e-03\n",
      "   3.57364223e-03  7.99469158e-04 -5.76926653e-15]\n",
      " [ 2.20877021e-01 -1.32926605e-03 -1.21863206e-01 -3.94956980e-01\n",
      "   2.35169447e-01 -7.13283181e-01  3.23288632e-01 -1.33374813e-01\n",
      "  -2.85590237e-01 -3.25135173e-02 -9.11847994e-02 -1.39279926e-03\n",
      "  -5.44529883e-02  8.75532118e-03 -2.62556556e-03 -1.42496480e-03\n",
      "  -1.31864422e-03 -7.82451078e-05  9.73399989e-16]\n",
      " [ 2.71746815e-01  5.57734973e-02  1.80186580e-02 -3.21044243e-01\n",
      "  -8.15947706e-02 -4.63244640e-02 -3.58176947e-01  1.91200577e-01\n",
      "   4.33271967e-01 -5.54311641e-02 -3.74680214e-01 -4.14139549e-03\n",
      "  -5.60932238e-01  1.11399808e-02 -4.86507491e-03  1.00897092e-03\n",
      "  -1.82595313e-03 -3.72103828e-04  4.08511327e-15]\n",
      " [-1.18400677e-01 -4.28825094e-01 -1.24237575e-01 -1.25807262e-01\n",
      "   6.69437940e-02  3.40153520e-02 -1.41941289e-01  7.45058031e-01\n",
      "  -3.96062667e-01 -1.31225222e-02 -1.17790317e-02  5.87842485e-03\n",
      "   3.37237314e-03  6.76237383e-03 -3.78228514e-03 -3.09009089e-02\n",
      "   5.68235472e-04  1.44893689e-04  1.78024730e-01]]\n",
      "\n",
      "Eigenvalues \n",
      "[1.12672865e+01 3.76814555e+00 1.38306618e+00 8.02562181e-01\n",
      " 6.95310344e-01 4.55113468e-01 1.94491518e-01 1.54732924e-01\n",
      " 1.40007136e-01 4.39430416e-02 4.02846370e-02 2.41187950e-02\n",
      " 1.63294857e-02 1.17494509e-02 7.38511313e-03 1.98953697e-03\n",
      " 3.21592725e-04 9.93989126e-05 2.12074108e-16]\n"
     ]
    }
   ],
   "source": [
    "cov_mat = np.cov(X_std.T) \n",
    "eig_vals, eig_vecs = np.linalg.eig(cov_mat) \n",
    "print('Eigenvectors \\n%s' %eig_vecs) \n",
    "print('\\nEigenvalues \\n%s' %eig_vals)"
   ]
  },
  {
   "cell_type": "code",
   "execution_count": 106,
   "id": "wound-generation",
   "metadata": {},
   "outputs": [
    {
     "name": "stdout",
     "output_type": "stream",
     "text": [
      "[array([7.49532078e-02, 2.44566546e-02, 1.19969771e-05, 2.08997906e-02,\n",
      "       2.30024045e-02, 1.89887973e-03, 6.25235049e-02, 2.68560535e-02,\n",
      "       3.67712570e-02, 2.56394813e-05, 5.74144294e-06, 1.00469652e-03,\n",
      "       9.78576316e-04, 7.26394530e-01, 1.55871799e-04, 5.07816373e-05,\n",
      "       9.68352910e-06, 7.29917075e-07, 2.46575892e-29])]\n",
      "[array([7.49532078e-02, 2.44566546e-02, 1.19969771e-05, 2.08997906e-02,\n",
      "       2.30024045e-02, 1.89887973e-03, 6.25235049e-02, 2.68560535e-02,\n",
      "       3.67712570e-02, 2.56394813e-05, 5.74144294e-06, 1.00469652e-03,\n",
      "       9.78576316e-04, 7.26394530e-01, 1.55871799e-04, 5.07816373e-05,\n",
      "       9.68352910e-06, 7.29917075e-07, 2.46575892e-29]), array([7.23089080e-02, 2.35980792e-02, 3.28596135e-06, 2.28793752e-02,\n",
      "       2.49817160e-02, 1.33454864e-03, 1.03235156e-01, 4.52425905e-02,\n",
      "       6.95051783e-02, 4.88557932e-01, 1.14466283e-02, 1.89622539e-03,\n",
      "       6.70353165e-04, 1.34297701e-01, 3.71160050e-05, 5.00246563e-06,\n",
      "       2.03129967e-07, 1.40430057e-09, 2.10705793e-31])]\n",
      "[array([7.49532078e-02, 2.44566546e-02, 1.19969771e-05, 2.08997906e-02,\n",
      "       2.30024045e-02, 1.89887973e-03, 6.25235049e-02, 2.68560535e-02,\n",
      "       3.67712570e-02, 2.56394813e-05, 5.74144294e-06, 1.00469652e-03,\n",
      "       9.78576316e-04, 7.26394530e-01, 1.55871799e-04, 5.07816373e-05,\n",
      "       9.68352910e-06, 7.29917075e-07, 2.46575892e-29]), array([7.23089080e-02, 2.35980792e-02, 3.28596135e-06, 2.28793752e-02,\n",
      "       2.49817160e-02, 1.33454864e-03, 1.03235156e-01, 4.52425905e-02,\n",
      "       6.95051783e-02, 4.88557932e-01, 1.14466283e-02, 1.89622539e-03,\n",
      "       6.70353165e-04, 1.34297701e-01, 3.71160050e-05, 5.00246563e-06,\n",
      "       2.03129967e-07, 1.40430057e-09, 2.10705793e-31]), array([7.23754740e-02, 2.39171001e-02, 1.15823836e-05, 2.15258612e-02,\n",
      "       2.18032544e-02, 2.33182318e-03, 9.89592796e-02, 4.32291762e-02,\n",
      "       8.53320974e-02, 4.72393620e-01, 2.62343983e-02, 4.85631065e-04,\n",
      "       3.76054790e-05, 1.31332630e-01, 2.03129001e-05, 3.88361059e-06,\n",
      "       6.06304376e-06, 2.07120701e-07, 8.45070476e-30])]\n",
      "[array([7.49532078e-02, 2.44566546e-02, 1.19969771e-05, 2.08997906e-02,\n",
      "       2.30024045e-02, 1.89887973e-03, 6.25235049e-02, 2.68560535e-02,\n",
      "       3.67712570e-02, 2.56394813e-05, 5.74144294e-06, 1.00469652e-03,\n",
      "       9.78576316e-04, 7.26394530e-01, 1.55871799e-04, 5.07816373e-05,\n",
      "       9.68352910e-06, 7.29917075e-07, 2.46575892e-29]), array([7.23089080e-02, 2.35980792e-02, 3.28596135e-06, 2.28793752e-02,\n",
      "       2.49817160e-02, 1.33454864e-03, 1.03235156e-01, 4.52425905e-02,\n",
      "       6.95051783e-02, 4.88557932e-01, 1.14466283e-02, 1.89622539e-03,\n",
      "       6.70353165e-04, 1.34297701e-01, 3.71160050e-05, 5.00246563e-06,\n",
      "       2.03129967e-07, 1.40430057e-09, 2.10705793e-31]), array([7.23754740e-02, 2.39171001e-02, 1.15823836e-05, 2.15258612e-02,\n",
      "       2.18032544e-02, 2.33182318e-03, 9.89592796e-02, 4.32291762e-02,\n",
      "       8.53320974e-02, 4.72393620e-01, 2.62343983e-02, 4.85631065e-04,\n",
      "       3.76054790e-05, 1.31332630e-01, 2.03129001e-05, 3.88361059e-06,\n",
      "       6.06304376e-06, 2.07120701e-07, 8.45070476e-30]), array([7.39399732e-02, 7.78683004e-04, 2.62260329e-03, 3.18001331e-05,\n",
      "       1.81830836e-01, 6.31538000e-02, 1.75927419e-03, 3.36763543e-04,\n",
      "       8.92284280e-04, 6.59034370e-06, 4.56736022e-06, 1.72898579e-05,\n",
      "       1.85735388e-04, 1.58107695e-04, 6.74222252e-01, 4.78443486e-05,\n",
      "       1.18682641e-07, 1.14759513e-05, 9.80537445e-29])]\n",
      "[array([7.49532078e-02, 2.44566546e-02, 1.19969771e-05, 2.08997906e-02,\n",
      "       2.30024045e-02, 1.89887973e-03, 6.25235049e-02, 2.68560535e-02,\n",
      "       3.67712570e-02, 2.56394813e-05, 5.74144294e-06, 1.00469652e-03,\n",
      "       9.78576316e-04, 7.26394530e-01, 1.55871799e-04, 5.07816373e-05,\n",
      "       9.68352910e-06, 7.29917075e-07, 2.46575892e-29]), array([7.23089080e-02, 2.35980792e-02, 3.28596135e-06, 2.28793752e-02,\n",
      "       2.49817160e-02, 1.33454864e-03, 1.03235156e-01, 4.52425905e-02,\n",
      "       6.95051783e-02, 4.88557932e-01, 1.14466283e-02, 1.89622539e-03,\n",
      "       6.70353165e-04, 1.34297701e-01, 3.71160050e-05, 5.00246563e-06,\n",
      "       2.03129967e-07, 1.40430057e-09, 2.10705793e-31]), array([7.23754740e-02, 2.39171001e-02, 1.15823836e-05, 2.15258612e-02,\n",
      "       2.18032544e-02, 2.33182318e-03, 9.89592796e-02, 4.32291762e-02,\n",
      "       8.53320974e-02, 4.72393620e-01, 2.62343983e-02, 4.85631065e-04,\n",
      "       3.76054790e-05, 1.31332630e-01, 2.03129001e-05, 3.88361059e-06,\n",
      "       6.06304376e-06, 2.07120701e-07, 8.45070476e-30]), array([7.39399732e-02, 7.78683004e-04, 2.62260329e-03, 3.18001331e-05,\n",
      "       1.81830836e-01, 6.31538000e-02, 1.75927419e-03, 3.36763543e-04,\n",
      "       8.92284280e-04, 6.59034370e-06, 4.56736022e-06, 1.72898579e-05,\n",
      "       1.85735388e-04, 1.58107695e-04, 6.74222252e-01, 4.78443486e-05,\n",
      "       1.18682641e-07, 1.14759513e-05, 9.80537445e-29]), array([7.26171101e-02, 7.82634124e-04, 3.45988635e-03, 5.70650813e-05,\n",
      "       1.85173632e-01, 6.94327690e-02, 2.47238336e-03, 9.34905050e-04,\n",
      "       9.38708992e-04, 1.35045432e-03, 1.04352230e-04, 4.97068033e-01,\n",
      "       6.10537559e-05, 3.60526853e-04, 1.65175033e-01, 5.51205732e-06,\n",
      "       3.29341635e-06, 2.64782927e-06, 1.51605783e-29])]\n",
      "[array([7.49532078e-02, 2.44566546e-02, 1.19969771e-05, 2.08997906e-02,\n",
      "       2.30024045e-02, 1.89887973e-03, 6.25235049e-02, 2.68560535e-02,\n",
      "       3.67712570e-02, 2.56394813e-05, 5.74144294e-06, 1.00469652e-03,\n",
      "       9.78576316e-04, 7.26394530e-01, 1.55871799e-04, 5.07816373e-05,\n",
      "       9.68352910e-06, 7.29917075e-07, 2.46575892e-29]), array([7.23089080e-02, 2.35980792e-02, 3.28596135e-06, 2.28793752e-02,\n",
      "       2.49817160e-02, 1.33454864e-03, 1.03235156e-01, 4.52425905e-02,\n",
      "       6.95051783e-02, 4.88557932e-01, 1.14466283e-02, 1.89622539e-03,\n",
      "       6.70353165e-04, 1.34297701e-01, 3.71160050e-05, 5.00246563e-06,\n",
      "       2.03129967e-07, 1.40430057e-09, 2.10705793e-31]), array([7.23754740e-02, 2.39171001e-02, 1.15823836e-05, 2.15258612e-02,\n",
      "       2.18032544e-02, 2.33182318e-03, 9.89592796e-02, 4.32291762e-02,\n",
      "       8.53320974e-02, 4.72393620e-01, 2.62343983e-02, 4.85631065e-04,\n",
      "       3.76054790e-05, 1.31332630e-01, 2.03129001e-05, 3.88361059e-06,\n",
      "       6.06304376e-06, 2.07120701e-07, 8.45070476e-30]), array([7.39399732e-02, 7.78683004e-04, 2.62260329e-03, 3.18001331e-05,\n",
      "       1.81830836e-01, 6.31538000e-02, 1.75927419e-03, 3.36763543e-04,\n",
      "       8.92284280e-04, 6.59034370e-06, 4.56736022e-06, 1.72898579e-05,\n",
      "       1.85735388e-04, 1.58107695e-04, 6.74222252e-01, 4.78443486e-05,\n",
      "       1.18682641e-07, 1.14759513e-05, 9.80537445e-29]), array([7.26171101e-02, 7.82634124e-04, 3.45988635e-03, 5.70650813e-05,\n",
      "       1.85173632e-01, 6.94327690e-02, 2.47238336e-03, 9.34905050e-04,\n",
      "       9.38708992e-04, 1.35045432e-03, 1.04352230e-04, 4.97068033e-01,\n",
      "       6.10537559e-05, 3.60526853e-04, 1.65175033e-01, 5.51205732e-06,\n",
      "       3.29341635e-06, 2.64782927e-06, 1.51605783e-29]), array([7.24086655e-02, 8.50201554e-04, 2.41581989e-03, 4.65350679e-05,\n",
      "       1.91041475e-01, 6.87132755e-02, 1.39886018e-03, 6.88399612e-04,\n",
      "       1.21640922e-03, 8.32491969e-04, 2.03772348e-04, 4.99282930e-01,\n",
      "       1.53827650e-05, 9.37005081e-04, 1.59934037e-01, 1.10806878e-05,\n",
      "       9.39934224e-07, 2.71846218e-06, 4.01430845e-29])]\n",
      "[array([7.49532078e-02, 2.44566546e-02, 1.19969771e-05, 2.08997906e-02,\n",
      "       2.30024045e-02, 1.89887973e-03, 6.25235049e-02, 2.68560535e-02,\n",
      "       3.67712570e-02, 2.56394813e-05, 5.74144294e-06, 1.00469652e-03,\n",
      "       9.78576316e-04, 7.26394530e-01, 1.55871799e-04, 5.07816373e-05,\n",
      "       9.68352910e-06, 7.29917075e-07, 2.46575892e-29]), array([7.23089080e-02, 2.35980792e-02, 3.28596135e-06, 2.28793752e-02,\n",
      "       2.49817160e-02, 1.33454864e-03, 1.03235156e-01, 4.52425905e-02,\n",
      "       6.95051783e-02, 4.88557932e-01, 1.14466283e-02, 1.89622539e-03,\n",
      "       6.70353165e-04, 1.34297701e-01, 3.71160050e-05, 5.00246563e-06,\n",
      "       2.03129967e-07, 1.40430057e-09, 2.10705793e-31]), array([7.23754740e-02, 2.39171001e-02, 1.15823836e-05, 2.15258612e-02,\n",
      "       2.18032544e-02, 2.33182318e-03, 9.89592796e-02, 4.32291762e-02,\n",
      "       8.53320974e-02, 4.72393620e-01, 2.62343983e-02, 4.85631065e-04,\n",
